avg_cov:39.055317767019545,39.14284968001662
avg_collisions:47.0,0.6666666666666666
avg_path_eff:84.54521434006374,86.14522640463613
